ApiService/Api x 921 ops/sec ±1.39% (1000 runs sampled)
======================================
Fastest is ApiService/Api

Fastest Service is ApiService


  mean: 0.04255987724,
  singleMean: 0.002127993862,
  variance: 0.00013823336830266444,
  deviation: 0.011757268743320637,
  sem: 0.00037179748291598806,
  moe: 0.0007287230665153366,
  rme: 1.7122301890251799,
  p75: 0.0470135785,
  p95: 0.0589853987,
  p99: 0.10336806519,
  p999: 0.11914083997400005 }

  mean: 0.023205782477999988,
  singleMean: 0.0011602891238999993,
  variance: 0.000015861829854618992,
  deviation: 0.003982691282866272,
  sem: 0.00012594375671155355,
  moe: 0.00024684976315464494,
  rme: 1.0637424675882765,
  p75: 0.0248815945,
  p95: 0.029630976899999998,
  p99: 0.03905012373,
  p999: 0.04197852251900005 }


  mean: 0.03257217024,
  singleMean: 0.0016286085119999998,
  variance: 0.00002056583591091066,
  deviation: 0.004534957101330801,
  sem: 0.00014340793531360341,
  moe: 0.00028107955321466266,
  rme: 0.8629438908847564,
  p75: 0.034761453250000005,
  p95: 0.040840518299999996,
  p99: 0.05028009633000002,
  p999: 0.05245039631600001 }

  mean: 0.02172152048299996,
  singleMean: 0.001086076024149998,
  variance: 0.000023659154493756508,
  deviation: 0.004864067690087845,
  sem: 0.00015381532593911605,
  moe: 0.00030147803884066743,
  rme: 1.3879232767181973,
  p75: 0.02289958875,
  p95: 0.0321629218,
  p99: 0.040480493810000004,
  p999: 0.04350931543000001 }
